 
0	   
0	   
0	   
0	   
0	   
0	   
0	   
0	   
0	   
0	   
0	   
0	   
0	   
0	   
0	   
0	   
0	   
0	   
0	   
0	   
0	   
0	   
0	   
0	   
0	   
0	   
0	   
0	   
0	   
0	   
0	   
0	   
0	   
0	   
0	   
0	   
0	   
0	   
0	   
0	   
0	   
0	   
0	   
0	   
0	   
0	   
0	   
0	   
0	   
0	   
0	   
0	   
0	   
0	   
0	   
0	   
0	   
0	   
0	   
0.001768	   
0.003477	   
0.003477	   
0.003182	   
0.003182	   
0.003868	   
0.005271	   
0.005271	   
0.005271	   
0.004648	   
0.004648	   
0.004648	   
0.005839	   
0.006975	   
0.006975	   
0.006674	   
0.008315	   
0.008315	   
0.008315	   
0.010612	   
0.008595	   
0.008595	   
0.008595	   
0.011384	   
0.01321	   
0.013974	   
0.014221	   
0.014941	   
0.015163	   
0.016776	   
0.016502	   
0.016238	   
0.015981	   
0.016607	   
0.016783	   
0.01653	   
0.01712	   
0.017693	   
0.017437	   
0.018389	   
0.018131	   
0.018269	   
0.01917	   
0.020047	   
0.020901	   
0.021732	   
0.021451	   
0.019742	   
0.019742	   
0.0175	   
0.0175	   
0.016734	   
0.016734	   
0.01567	   
0.01567	   
0.011912	   
0.011912	   
0.011912	   
0.011912	   
0.009649	   
0.00862	   
0.008527	   
0.007834	   
0.007454	   
0.006492	   
0.006133	   
0.006071	   
0.00601	   
0.005667	   
0.004489	   
0.002752	   
0.002752	   
0.002752	   
0.003744	   
0.003744	   
0.003744	   
0.003744	   
0.004162	   
0.004639	   
0.004343	   
0.004304	   
0.00527	   
0.0026	   
0.0026	   
0.0026	   
0.0026	   
0.0026	   
0.0026	   
0.0026	   
0.003517	   
0.004418	   
0.005074	   
0.004576	   
0.004086	   
0.004086	   
0.006479	   
0.008868	   
0.011879	   
0.012443	   
0.012999	   
0.014406	   
0.014298	   
0.014192	   
0.014297	   
0.014819	   
0.014504	   
0.011761	   
0.011761	   
0.011761	   
0.011761	   
0.011761	   
0.013501	   
0.016366	   
0.018016	   
0.018282	   
0.020283	   
0.022641	   
0.023252	   
0.02518	   
0.026707	   
0.029334	   
0.032114	   
0.035994	   
0.040381	   
0.045449	   
0.052276	   
0.060833	   
0.070374	   
0.080167	   
0.088612	   
0.096082	   
0.103296	   
0.111657	   
0.120971	   
0.131052	   
0.142231	   
0.153807	   
0.166283	   
0.179308	   
0.192872	   
0.206298	   
0.218086	   
0.225608	   
0.225608	   
0.225608	   
0.225608	   
0.225608	   
0.187078	   
0.187078	   
0.187078	   
0.144537	   
0.144537	   
0.144537	   
0.092893	   
0.092893	   
0.092893	   
0.065371	   
0.055504	   
0.047878	   
0.041851	   
0.036487	   
0.032082	   
0.028018	   
0.024441	   
0.024441	   
0.024441	   
0.024441	   
0.024441	   
0.029171	   
0.030355	   
0.030656	   
0.031388	   
0.03125	   
0.024801	   
0.024801	   
0.024801	   
0.024801	   
0.024801	   
0.026799	   
0.026799	   
0.026799	   
0.026799	   
0.020441	   
0.020441	   
0.020441	   
0.020441	   
0.017011	   
0.017011	   
0.017011	   
0.017011	   
0.017011	   
0.019318	   
0.020728	   
0.02173	   
0.024054	   
0.026231	   
0.028395	   
0.030413	   
0.030844	   
0.028568	   
0.028568	   
0.028568	   
0.029171	   
0.029211	   
0.028865	   
0.028135	   
0.024901	   
0.024901	   
0.026609	   
0.030719	   
0.035816	   
0.040252	   
0.047304	   
0.055694	   
0.063659	   
0.073573	   
0.083429	   
0.094714	   
0.103092	   
0.109694	   
0.110729	   
0.073622	   
0.073622	   
0.073622	   
0.073622	   
0.073622	   
0.073622	   
0.087089	   
0.101617	   
0.114865	   
0.126128	   
0.130538	   
0.128154	   
0.126494	   
0.126494	   
0.126494	   
0.126494	   
0.130838	   
0.135384	   
0.14538	   
0.15811	   
0.169727	   
0.17811	   
0.186695	   
0.193983	   
0.199635	   
0.200674	   
0.200674	   
0.200674	   
0.200674	   
0.200674	   
0.200674	   
0.180373	   
0.180373	   
0.180373	   
0.206806	   
0.206806	   
0.206806	   
0.11962	   
0.11962	   
0.11962	   
0.11962	   
0.11962	   
0.158854	   
0.158854	   
0.111897	   
0.111897	   
0.111897	   
0.111897	   
0.111897	   
0.111897	   
0.111897	   
0.071702	   
0.071702	   
0.071702	   
0.071702	   
0.102121	   
0.102121	   
0.102121	   
0.102121	   
0.102121	   
0.117615	   
0.152817	   
0.193308	   
0.212633	   
0.26087	   
0.316265	   
0.312647	   
0.28428	   
0.331561	   
0.345567	   
0.349608	   
0.319763	   
0.347122	   
0.435661	   
0.411017	   
0.411017	   
0.358755	   
0.358755	   
0.305252	   
0.305252	   
0.305252	   
0.380828	   
0.380828	   
0.201633	   
0.201633	   
0.201633	   
0.156218	   
0.156218	   
0.156218	   
0.156218	   
0.156218	   
0.156218	   
0.156218	   
0.156218	   
0.18952	   
0.20109	   
0.162178	   
0.162178	   
0.162178	   
0.162178	   
0.234438	   
0.263915	   
0.288483	   
0.309186	   
0.319186	   
0.1605	   
0.1605	   
0.1605	   
0.1605	   
0.181826	   
0.187933	   
0.136	   
0.136	   
0.136	   
0.198062	   
0.245902	   
0.203829	   
0.203829	   
0.203829	   
0.293541	   
0.360642	   
0.631283	   
0.574249	   
0.44992	   
0.356814	   
0.308832	   
0.308832	   
0.308832	   
0.308832	   
0.414538	   
0.450231	   
0.478935	   
0.677152	   
0.824705	   
0.669816	   
0.583554	   
0.281785	   
0.281785	   
0.281785	   
0.281785	   
0.206098	   
0.206098	   
0.206098	   
0.263393	   
0.322069	   
0.323868	   
0.333428	   
0.360362	   
0.380681	   
0.409508	   
0.436114	   
0.476054	   
0.59151	   
0.523578	   
0.548965	   
0.778387	   
0.806089	   
0.451665	   
0.451665	   
0.664996	   
0.664996	   
0.836278	   
0.415208	   
0.415208	   
0.415208	   
0.415208	   
0.415208	   
0.415208	   
0.415208	   
0.87749	   
0.87749	   
0.450013	   
0.450013	   
0.794431	   
0.489568	   
0.548695	   
0.370621	   
0.370621	   
0.370621	   
0.228514	   
0.228514	   
0.228514	   
0.387496	   
0.387496	   
0.387496	   
0.655157	   
0.655157	   
0.258106	   
0.258106	   
0.258106	   
0.258106	   
0.258106	   
0.555394	   
0.555394	   
0.555394	   
0.73939	   
0.417745	   
0.417745	   
0.663354	   
0.663354	   
0.296522	   
0.296522	   
0.296522	   
0.823659	   
0.889522	   
0.960567	   
0.827546	   
0.23301	   
0.23301	   
0.23301	   
0.342887	   
0.561414	   
0.319225	   
0.319225	   
0.319225	   
0.416381	   
0.771084	   
0.943741	   
0.943741	   
0.943741	   
0.350678	   
0.350678	   
0.920578	   
0.294579	   
0.294579	   
0.294579	   
0.711584	   
0.711584	   
0.230656	   
0.230656	   
0.230656	   
0.610918	   
0.26538	   
0.26538	   
0.26538	   
0.26538	   
0.26538	   
0.847519	   
0.847519	   
0.900218	   
0.900218	   
0.900218	   
0.900218	   
0.900218	   
0.243643	   
0.243643	   
0.243643	   
0.243643	   
0.243643	   
0.243643	   
0.41299	   
0.36794	   
0.954379	   
0.954379	   
0.894099	   
0.894099	   
0.894099	   
0.257607	   
0.257607	   
0.881308	   
0.881308	   
0.881308	   
0.881308	   
0.881308	   
0.881308	   
0.881308	   
0.881308	   
0.486615	   
0.486615	   
0.676995	   
0.676995	   
0.347329	   
0.347329	   
0.347329	   
0.908595	   
0.908595	   
0.26397	   
0.26397	   
0.26397	   
0.26397	   
0.954716	   
0.288482	   
0.288482	   
0.288482	   
0.288482	   
0.288482	   
0.288482	   
0.288482	   
0.913241	   
0.913241	   
0.419555	   
0.419555	   
0.667558	   
0.667558	   
0.2481	   
0.2481	   
0.2481	   
0.2481	   
0.743925	   
0.743925	   
0.332505	   
0.332505	   
0.83088	   
0.83088	   
0.29953	   
0.29953	   
0.29953	   
0.391242	   
0.234699	   
0.234699	   
0.234699	   
0.234699	   
0.621387	   
0.621387	   
0.368847	   
0.368847	   
0.368847	   
0.691837	   
0.605995	   
0.71042	   
0.886039	   
0.978003	   
0.946673	   
0.946673	   
0.946673	   
0.907169	   
0.907169	   
0.907169	   
0.907169	   
0.907169	   
0.907169	   
0.552386	   
0.552386	   
1.0012	   
1.0012	   
1.0012	   
1.0012	   
0.342321	   
0.342321	   
0.342321	   
0.987722	   
0.971021	   
0.929727	   
0.909529	   
0.933082	   
0.929749	   
0.929808	   
0.929399	   
0.925528	   
0.953357	   
0.474782	   
0.474782	   
0.474782	   
1.060164	   
0.931274	   
1.01947	   
0.987952	   
0.982559	   
0.990315	   
1.001965	   
0.906192	   
0.97937	   
0.596676	   
0.596676	   
1.053183	   
0.841005	   
0.841005	   
1.0192	   
1.0192	   
0.305257	   
0.305257	   
0.305257	   
0.305257	   
0.305257	   
0.305257	   
0.305257	   
0.921365	   
0.597405	   
0.597405	   
0.597405	   
0.923499	   
1.083881	   
0.924204	   
0.740635	   
1.048048	   
1.021328	   
0.99077	   
1.023002	   
0.928001	   
0.794421	   
0.794421	   
0.973907	   
0.364445	   
1.009856	   
1.009856	   
1.009856	   
0.470761	   
0.470761	   
0.974177	   
0.974177	   
0.974177	   
0.88154	   
0.88154	   
1.014224	   
0.884336	   
1.166774	   
0.987561	   
1.234963	   
1.08136	   
0.714791	   
0.924471	   
0.498311	   
0.498311	   
0.498311	   
0.519876	   
0.516084	   
0.441676	   
0.441676	   
0.441676	   
0.441676	   
0.466762	   
0.466762	   
0.466762	   
0.466762	   
0.399518	   
0.399518	   
0.399518	   
0.399518	   
0.399518	   
0.399518	   
0.399518	   
0.399518	   
0.440207	   
0.452514	   
0.461633	   
0.466022	   
0.469625	   
0.473007	   
0.475566	   
0.475566	   
0.475566	   
0.451369	   
0.451369	   
0.451369	   
0.451369	   
0.451369	   
0.451369	   
0.451369	   
0.468105	   
0.474058	   
0.477083	   
0.482256	   
0.487908	   
0.493702	   
0.499285	   
0.502104	   
0.503524	   
0.504981	   
0.505342	   
0.505331	   
0.505331	   
0.505331	   
0.485814	   
0.485814	   
0.485814	   
0.455221	   
0.455221	   
0.455221	   
0.413741	   
0.413741	   
0.413741	   
0.377456	   
0.377456	   
0.377456	   
0.364367	   
0.361403	   
0.358334	   
0.355154	   
0.35341	   
0.353708	   
0.356704	   
0.360912	   
0.365288	   
0.37098	   
0.371091	   
0.368831	   
0.359193	   
0.344168	   
0.329735	    
0.315933	   
0.304135	   
0.294487	   
0.285058	   
0.27515	   
0.266191	   
0.254495	   
0.241381	   
0.229911	   
0.217774	   
0.207439	   
0.203419	   
0.193606	   
0.18975	   
0.182098	   
0.176036	   
0.175443	   
0.174828	   
0.172222	   
0.170519	   
0.170794	   
0.17421	   
0.175637	   
0.174949	   
0.177562	   
0.17802	   
0.184294	   
0.184926	   
0.179523	   
0.168895	   
0.160293	   
0.160388	   
0.157814	   
0.157849	   
0.156476	   
0.159374	   
0.159457	   
0.15801	   
0.162798	   
0.167886	   
0.173302	   
0.179078	   
0.174462	   
0.180693	   
0.175794	   
0.166507	   
0.160649	   
0.154303	   
0.147405	   
0.142251	   
0.129155	   
0.106925	   
0.085101	   
0.081136	   
0.085908	   
0.094538	   
0.10084	   
0.108043	   
0.104317	   
0.099971	   
0.085351	   
0.078238	   
0.06375	   
0.01956	   
0	   
0	   
0	   
0	   
0	   
0	   
0	 
